54378.067115000 79.04245874983455
54378.072071000 79.04245874983455
54378.077069000 79.05235918591715
54378.083793000 79.05235918591715
54378.087680000 79.05235918591715
54378.092178000 79.05235918591715
54378.097120000 79.05235918591715
54378.103049000 79.04245874983455
54378.107072000 79.04245874983455
54378.112091000 79.04245874983455
54378.118327000 79.05235918591715
54378.123137000 79.05235918591715
54378.127083000 79.05235918591715
54378.133183000 79.04245874983455
54378.137092000 79.04245874983455
54378.143212000 79.04245874983455
54378.147185000 79.04245874983455
54378.152382000 79.04245874983455
54378.157383000 79.04245874983455
54378.162303000 79.04245874983455
54378.167276000 79.05235918591715
54378.172109000 79.04245874983455
54378.177296000 79.04245874983455
54378.185892000 79.04245874983455
54378.189361000 79.04245874983455
54378.192389000 79.04245874983455
54378.197372000 79.05235918591715
54378.203058000 79.05235918591715
54378.207096000 79.05235918591715
54378.212089000 79.05235918591715
54378.217874000 79.04245874983455
54378.222564000 79.04245874983455
54378.227086000 79.04245874983455
54378.232215000 79.05235918591715
54378.237106000 79.05235918591715
54378.243182000 79.05235918591715
54378.248240000 79.04245874983455
54378.252239000 79.05235918591715
54378.257087000 79.04245874983455
54378.262962000 79.04245874983455
54378.269224000 79.04245874983455
54378.272373000 79.05235918591715
54378.277147000 79.05235918591715
54378.282254000 79.05235918591715
54378.287273000 79.05235918591715
54378.292102000 79.05235918591715
54378.297155000 79.04245874983455
54378.302658000 79.04245874983455
54378.307094000 79.04245874983455
54378.312089000 79.04245874983455
54378.318359000 79.04245874983455
54378.322131000 79.05235918591715
54378.327090000 79.05235918591715
54378.332564000 79.04245874983455
54378.337549000 79.04245874983455
54378.343099000 79.04245874983455
54378.347085000 79.04245874983455
54378.352179000 79.04245874983455
54378.357094000 79.05235918591715
54378.363002000 79.05235918591715
54378.369424000 79.05235918591715
54378.372375000 79.05235918591715
54378.377108000 79.04245874983455
54378.385465000 79.04245874983455
54378.388351000 79.04245874983455
54378.392122000 79.04245874983455
54378.397279000 79.04245874983455
54378.402564000 79.04245874983455
54378.407138000 79.04245874983455
54378.412082000 79.04245874983455
54378.417831000 79.04245874983455
54378.423173000 79.05235918591715
54378.427135000 79.04245874983455
54378.432479000 79.04245874983455
54378.437089000 79.04245874983455
54378.442997000 79.04245874983455
54378.447097000 79.04245874983455
54378.452314000 79.04245874983455
54378.457587000 79.04245874983455
54378.462511000 79.04245874983455
54378.467129000 79.05235918591715
54378.472092000 79.05235918591715
54378.477083000 79.04245874983455
54378.483742000 79.04245874983455
54378.487356000 79.04245874983455
54378.492142000 79.05235918591715
54378.499396000 79.05235918591715
54378.502663000 79.05235918591715
54378.507083000 79.05235918591715
54378.512081000 79.04245874983455
54378.518391000 79.04245874983455
54378.523214000 79.04245874983455
54378.527078000 79.04245874983455
54378.532348000 79.04245874983455
54378.537093000 79.04245874983455
54378.543268000 79.04245874983455
54378.547340000 79.04245874983455
54378.552418000 79.05235918591715
54378.557436000 79.05235918591715
54378.562258000 79.04245874983455
54378.567119000 79.04245874983455
54378.572100000 79.04245874983455
54378.577382000 79.04245874983455
54378.585836000 79.04245874983455
54378.589336000 79.04245874983455
54378.592346000 79.04245874983455
54378.599342000 79.04245874983455
54378.602507000 79.04245874983455
54378.607092000 79.04245874983455
54378.612102000 79.04245874983455
54378.618412000 79.04245874983455
54378.623033000 79.05235918591715
54378.627109000 79.04245874983455
54378.632108000 79.04245874983455
54378.637075000 79.04245874983455
54378.643009000 79.04245874983455
54378.648040000 79.05235918591715
54378.652096000 79.05235918591715
54378.657067000 79.05235918591715
54378.662104000 79.05235918591715
54378.668580000 79.05235918591715
54378.672482000 79.05235918591715
54378.677066000 79.05235918591715
54378.682215000 79.05235918591715
54378.687104000 79.05235918591715
54378.692199000 79.05235918591715
54378.697215000 79.04245874983455
54378.702617000 79.04245874983455
54378.707074000 79.04245874983455
54378.712068000 79.04245874983455
54378.718299000 79.05235918591715
54378.722068000 79.05235918591715
54378.727065000 79.04245874983455
54378.732450000 79.04245874983455
54378.737102000 79.04245874983455
54378.742441000 79.04245874983455
54378.747162000 79.04245874983455
54378.752093000 79.05235918591715
54378.757070000 79.04245874983455
54378.762964000 79.04245874983455
54378.767215000 79.04245874983455
54378.772116000 79.04245874983455
54378.777084000 79.04245874983455
54378.782500000 79.04245874983455
54378.787071000 79.04245874983455
54378.792372000 79.05235918591715
54378.797100000 79.05235918591715
54378.803017000 79.05235918591715
54378.807072000 79.05235918591715
54378.812123000 79.05235918591715
54378.818233000 79.04245874983455
54378.823103000 79.04245874983455
54378.827070000 79.04245874983455
54378.832901000 79.05235918591715
54378.837076000 79.05235918591715
54378.842998000 79.05235918591715
54378.847073000 79.04245874983455
54378.852844000 79.04245874983455
54378.857067000 79.04245874983455
54378.863174000 79.04245874983455
54378.867170000 79.04245874983455
54378.872081000 79.04245874983455
54378.877068000 79.04245874983455
54378.885740000 79.05235918591715
54378.889336000 79.05235918591715
54378.892352000 79.05235918591715
54378.897099000 79.05235918591715
54378.903069000 79.04245874983455
54378.907071000 79.04245874983455
54378.912069000 79.04245874983455
54378.917523000 79.04245874983455
54378.923355000 79.04245874983455
54378.927069000 79.04245874983455
54378.932255000 79.05235918591715
54378.937079000 79.05235918591715
54378.943263000 79.05235918591715
54378.947426000 79.05235918591715
54378.952753000 79.05235918591715
54378.957096000 79.05235918591715
54378.963248000 79.04245874983455
54378.967752000 79.04245874983455
54378.972078000 79.04245874983455
54378.977068000 79.04245874983455
54378.985723000 79.04245874983455
54378.989338000 79.04245874983455
54378.992446000 79.04245874983455
54378.997269000 79.04245874983455
54379.003019000 79.04245874983455
54379.007076000 79.04245874983455
54379.012070000 79.04245874983455
54379.018394000 79.04245874983455
54379.022982000 79.04245874983455
54379.027066000 79.05235918591715
54379.032177000 79.05235918591715
54379.037077000 79.04245874983455
54379.042106000 79.04245874983455
54379.047073000 79.04245874983455
54379.052356000 79.04245874983455
54379.057088000 79.04245874983455
54379.062095000 79.04245874983455
54379.068422000 79.04245874983455
54379.072186000 79.04245874983455
54379.077070000 79.05235918591715
54379.082325000 79.04245874983455
54379.087072000 79.04245874983455
54379.092192000 79.04245874983455
54379.097167000 79.04245874983455
54379.102544000 79.04245874983455
54379.107077000 79.04245874983455
54379.112072000 79.04245874983455
54379.118273000 79.04245874983455
54379.122956000 79.04245874983455
54379.127073000 79.05235918591715
54379.132501000 79.05235918591715
54379.137121000 79.05235918591715
54379.143095000 79.05235918591715
54379.147455000 79.05235918591715
54379.152145000 79.05235918591715
54379.157225000 79.04245874983455
54379.162123000 79.04245874983455
54379.167181000 79.05235918591715
54379.172125000 79.05235918591715
54379.177134000 79.04245874983455
54379.183960000 79.04245874983455
54379.187366000 79.04245874983455
54379.192815000 79.05235918591715
54379.200365000 79.04245874983455
54379.203667000 79.04245874983455
54379.207338000 79.05235918591715
54379.212123000 79.05235918591715
54379.218273000 79.05235918591715
54379.223010000 79.05235918591715
54379.227065000 79.04245874983455
54379.232177000 79.04245874983455
54379.237074000 79.04245874983455
54379.243123000 79.04245874983455
54379.247096000 79.04245874983455
54379.252331000 79.04245874983455
54379.257209000 79.04245874983455
54379.262351000 79.04245874983455
54379.267183000 79.04245874983455
54379.272074000 79.04245874983455
54379.277077000 79.04245874983455
54379.283912000 79.04245874983455
54379.287339000 79.04245874983455
54379.292169000 79.04245874983455
54379.297088000 79.04245874983455
54379.302399000 79.04245874983455
54379.307086000 79.04245874983455
54379.312207000 79.04245874983455
54379.318396000 79.05235918591715
54379.323225000 79.04245874983455
54379.327066000 79.04245874983455
54379.332125000 79.04245874983455
54379.337156000 79.04245874983455
54379.343249000 79.04245874983455
54379.348271000 79.04245874983455
54379.352129000 79.04245874983455
54379.357086000 79.04245874983455
54379.362993000 79.05235918591715
54379.369086000 79.05235918591715
54379.372373000 79.05235918591715
54379.377114000 79.05235918591715
54379.385659000 79.04245874983455
54379.389340000 79.05235918591715
54379.392456000 79.05235918591715
54379.399744000 79.05235918591715
54379.403689000 79.04245874983455
54379.407348000 79.04245874983455
54379.412061000 79.04245874983455
54379.418219000 79.04245874983455
54379.422964000 79.04245874983455
54379.427054000 79.04245874983455
54379.432181000 79.05235918591715
54379.437067000 79.05235918591715
54379.442083000 79.05235918591715
54379.447057000 79.04245874983455
54379.452237000 79.05235918591715
54379.457057000 79.04245874983455
54379.463475000 79.04245874983455
54379.468224000 79.04245874983455
54379.472064000 79.04245874983455
54379.477423000 79.05235918591715
54379.483376000 79.05235918591715
54379.487093000 79.05235918591715
54379.492712000 79.05235918591715
54379.497586000 79.05235918591715
54379.502784000 79.05235918591715
54379.507063000 79.05235918591715
54379.512144000 79.05235918591715
54379.517727000 79.05235918591715
54379.522078000 79.04245874983455
54379.527089000 79.04245874983455
54379.532633000 79.05235918591715
54379.537086000 79.05235918591715
54379.542984000 79.05235918591715
54379.550539000 79.05235918591715
54379.554333000 79.05235918591715
54379.557434000 79.05235918591715
54379.562547000 79.05235918591715
54379.567112000 79.04245874983455
54379.572089000 79.04245874983455
54379.577156000 79.04245874983455
54379.583774000 79.05235918591715
54379.587331000 79.05235918591715
54379.592917000 79.05235918591715
54379.597073000 79.06225877453755
54379.602427000 79.06225877453755
54379.607062000 79.06225877453755
54379.612079000 79.06225877453755
54379.618305000 79.06225877453755
54379.623131000 79.05235918591715
54379.627056000 79.06225877453755
54379.632298000 79.06225877453755
54379.637072000 79.06225877453755
54379.643223000 79.05235918591715
54379.647060000 79.04245874983455
54379.652853000 79.04245874983455
54379.657062000 79.04245874983455
54379.663183000 79.04245874983455
54379.667677000 79.04245874983455
54379.672099000 79.04245874983455
54379.677060000 79.04245874983455
54379.685528000 79.07215751556947
54379.689326000 79.08205540888666
54379.692338000 79.09195245436287
54379.699365000 79.09195245436287
54379.702527000 79.08205540888666
54379.707182000 79.08205540888666
54379.712082000 79.08205540888666
54379.718341000 79.08205540888666
54379.723238000 79.08205540888666
54379.727085000 79.07215751556947
54379.732247000 79.06225877453755
54379.737067000 79.05235918591715
54379.743159000 79.04245874983455
54379.747265000 79.04245874983455
54379.752621000 79.04245874983455
54379.757472000 79.04245874983455
54379.763007000 79.03255746641597
54379.767527000 79.03255746641597
54379.772063000 79.03255746641597
54379.777058000 79.03255746641597
54379.782182000 79.03255746641597
54379.787061000 79.05235918591715
54379.792454000 79.05235918591715
54379.797834000 79.05235918591715
54379.802099000 79.04245874983455
54379.807071000 79.03255746641597
54379.812064000 79.04245874983455
54379.817407000 79.03255746641597
54379.822127000 79.04245874983455
54379.827064000 79.04245874983455
54379.832735000 79.04245874983455
54379.837079000 79.05235918591715
54379.843065000 79.06225877453755
54379.847139000 79.06225877453755
54379.852235000 79.06225877453755
54379.857064000 79.07215751556947
54379.863099000 79.08205540888666
54379.869422000 79.09195245436287
54379.872346000 79.09195245436287
54379.877137000 79.09195245436287
54379.883280000 79.1018486518719
54379.887112000 79.1018486518719
54379.892639000 79.12163850248356
54379.897811000 79.15131691549212
54379.902798000 78.86410612830666
54379.907066000 78.39711865518264
54379.912185000 77.70818694105475
54379.918006000 76.91455852440586
54379.923042000 75.96357742624593
54379.927061000 75.49559506324478
54379.932185000 75.1894739919531
54379.937071000 75.43442848778601
54379.942980000 76.08537908536992
54379.950486000 76.87423812183265
54379.953393000 78.3772056384201
54379.957207000 79.00284853340742
54379.962506000 79.477274567515
54379.967106000 79.42794663456772
54379.972092000 79.38846894691162
54379.977190000 79.37859739531055
54379.983915000 79.37859739531055
54379.987357000 79.38846894691162
54379.993015000 79.39833964676372
54379.997127000 79.41807849071766
54380.002556000 79.42794663456772
54380.007081000 79.42794663456772
54380.012082000 79.42794663456772
54380.017964000 79.41807849071766
54380.023390000 79.40820949474104
54380.027077000 79.38846894691162
54380.032148000 79.38846894691162
54380.037096000 79.37859739531055
54380.043260000 79.37859739531055
54380.047326000 79.37859739531055
54380.052751000 79.38846894691162
54380.057580000 79.38846894691162
54380.063247000 79.38846894691162
54380.067600000 79.37859739531055
54380.072136000 79.35885173736531
54380.077089000 79.34897763127292
54380.085581000 79.34897763127292
54380.089350000 79.31935020602808
54380.092409000 79.28971512297673
54380.099342000 79.1809876899819
54380.102653000 79.1710982807532
54380.107115000 79.16120802254788
54380.112082000 79.15131691549212
54380.118193000 79.12163850248356
54380.123061000 79.1018486518719
54380.127077000 79.09195245436287
54380.132178000 79.08205540888666
54380.137127000 79.09195245436287
54380.142996000 79.09195245436287
54380.147175000 79.09195245436287
54380.152652000 79.1018486518719
54380.157408000 79.1018486518719
54380.162140000 79.08205540888666
54380.167117000 79.06225877453755
54380.172089000 79.05235918591715
54380.177416000 79.02265533578773
54380.184591000 78.97313197892201
54380.188350000 78.94340780637077
54380.192802000 78.95331671012903
54380.197100000 78.96322476768822
54380.202551000 78.96322476768822
54380.207096000 78.96322476768822
54380.212089000 78.96322476768822
54380.218235000 78.95331671012903
54380.223197000 78.94340780637077
54380.227087000 78.93349805653986
54380.232168000 78.93349805653986
54380.237159000 78.94340780637077
54380.243074000 78.94340780637077
54380.250397000 78.94340780637077
54380.253362000 78.95331671012903
54380.257111000 78.95331671012903
54380.262430000 78.95331671012903
54380.267130000 78.94340780637077
54380.272171000 78.94340780637077
54380.277091000 78.94340780637077
54380.283789000 78.94340780637077
54380.287373000 78.94340780637077
54380.292803000 78.94340780637077
54380.300184000 78.94340780637077
54380.303623000 78.94340780637077
54380.307418000 78.95331671012903
54380.312136000 78.95331671012903
54380.318599000 78.96322476768822
54380.323046000 78.96322476768822
54380.327089000 78.96322476768822
54380.332492000 78.97313197892201
54380.337100000 78.97313197892201
54380.343038000 78.98303834370404
54380.347097000 78.98303834370404
54380.352095000 78.99294386190795
54380.357089000 79.00284853340742
54380.362307000 79.00284853340742
54380.367153000 79.00284853340742
54380.372099000 79.00284853340742
54380.377091000 79.00284853340742
54380.383827000 79.00284853340742
54380.387362000 78.99294386190795
54380.392906000 78.98303834370404
54380.397322000 78.97313197892201
54380.402607000 78.96322476768822
54380.407086000 78.95331671012903
54380.412089000 78.94340780637077
54380.418288000 78.93349805653986
54380.422555000 78.93349805653986
54380.427080000 78.93349805653986
54380.432186000 78.93349805653986
54380.437096000 78.94340780637077
54380.443281000 78.95331671012903
54380.448014000 78.95331671012903
54380.452199000 78.97313197892201
54380.457093000 79.00284853340742
54380.463228000 79.06225877453755
54380.469037000 79.1018486518719
54380.472414000 79.1315321553338
54380.477085000 79.1315321553338
54380.482652000 79.1315321553338
54380.487090000 79.12163850248356
54380.492458000 79.12163850248356
54380.497093000 79.1018486518719
54380.503125000 79.1018486518719
54380.507105000 79.09195245436287
54380.512084000 79.08205540888666
54380.517358000 79.08205540888666
54380.522124000 79.07215751556947
54380.527086000 79.08205540888666
54380.532504000 79.08205540888666
54380.537588000 79.08205540888666
54380.543003000 79.09195245436287
54380.547082000 79.09195245436287
54380.552129000 79.1018486518719
54380.557107000 79.09195245436287
54380.562108000 79.1018486518719
54380.568373000 79.1018486518719
54380.572360000 79.1018486518719
54380.577083000 79.09195245436287
54380.582521000 79.1018486518719
54380.587347000 79.1018486518719
54380.592091000 79.09195245436287
54380.599626000 79.09195245436287
54380.603502000 79.1018486518719
54380.607091000 79.1018486518719
54380.612081000 79.1018486518719
54380.618160000 79.1018486518719
54380.622097000 79.1018486518719
54380.627082000 79.1018486518719
54380.632265000 79.09195245436287
54380.637272000 79.09195245436287
54380.643197000 79.09195245436287
54380.647793000 79.09195245436287
54380.652160000 79.09195245436287
54380.657105000 79.09195245436287
54380.662968000 79.09195245436287
54380.667162000 79.09195245436287
54380.672105000 79.09195245436287
54380.677079000 79.09195245436287
54380.682581000 79.09195245436287
54380.687082000 79.1018486518719
54380.692236000 79.1018486518719
54380.699937000 79.1018486518719
54380.703543000 79.1018486518719
54380.707352000 79.1018486518719
54380.712506000 79.1018486518719
54380.718252000 79.1018486518719
54380.723048000 79.1018486518719
54380.727079000 79.1018486518719
54380.732184000 79.09195245436287
54380.737088000 79.1018486518719
54380.743171000 79.1018486518719
54380.747128000 79.1018486518719
54380.752132000 79.1018486518719
54380.757809000 79.1018486518719
54380.763183000 79.11174400128755
54380.767555000 79.11174400128755
54380.772090000 79.11174400128755
54380.777081000 79.11174400128755
54380.785449000 79.11174400128755
54380.788356000 79.11174400128755
54380.792106000 79.11174400128755
54380.797087000 79.11174400128755
54380.803516000 79.11174400128755
54380.807212000 79.11174400128755
54380.812137000 79.1018486518719
54380.818266000 79.11174400128755
54380.822554000 79.11174400128755
54380.827091000 79.12163850248356
54380.832137000 79.12163850248356
54380.837135000 79.12163850248356
54380.843233000 79.12163850248356
54380.847108000 79.12163850248356
54380.852125000 79.12163850248356
54380.857489000 79.12163850248356
54380.862174000 79.11174400128755
54380.867817000 79.1018486518719
54380.872697000 79.1018486518719
54380.877072000 79.1018486518719
54380.883463000 79.1018486518719
54380.887395000 79.09195245436287
54380.892081000 79.09195245436287
54380.899353000 79.09195245436287
54380.902771000 79.08205540888666
54380.907082000 79.08205540888666
54380.912076000 79.08205540888666
54380.917097000 79.08205540888666
54380.922126000 79.08205540888666
54380.927076000 79.08205540888666
54380.932981000 79.08205540888666
54380.937082000 79.08205540888666
54380.942124000 79.08205540888666
54380.947282000 79.08205540888666
54380.952079000 79.08205540888666
54380.957561000 79.08205540888666
54380.963046000 79.08205540888666
54380.967136000 79.07215751556947
54380.972080000 79.07215751556947
54380.977087000 79.07215751556947
54380.983137000 79.06225877453755
54380.987119000 79.06225877453755
54380.992534000 79.06225877453755
54380.997075000 79.06225877453755
54381.002089000 79.05235918591715
54381.007112000 79.05235918591715
54381.012116000 79.04245874983455
54381.017600000 79.04245874983455
54381.022123000 79.04245874983455
54381.027069000 79.04245874983455
54381.032646000 79.04245874983455
54381.037725000 79.04245874983455
54381.043019000 79.04245874983455
54381.048233000 79.04245874983455
54381.052219000 79.05235918591715
54381.057074000 79.05235918591715
54381.062969000 79.05235918591715
54381.067166000 79.05235918591715
54381.072138000 79.06225877453755
54381.077071000 79.07215751556947
54381.085542000 79.09195245436287
54381.089493000 79.1018486518719
54381.092398000 79.1018486518719
54381.097081000 79.09195245436287
54381.102483000 79.09195245436287
54381.107074000 79.09195245436287
54381.112703000 79.09195245436287
54381.117210000 79.09195245436287
54381.123150000 79.08205540888666
54381.127069000 79.08205540888666
54381.132273000 79.08205540888666
54381.137176000 79.08205540888666
54381.143219000 79.08205540888666
54381.147209000 79.08205540888666
54381.152565000 79.08205540888666
54381.157073000 79.09195245436287
54381.163183000 79.09195245436287
54381.167405000 79.08205540888666
54381.172130000 79.05235918591715
54381.177072000 78.96322476768822
54381.183400000 78.63581276509245
54381.187156000 78.31744645976343
54381.193084000 77.6981732611305
54381.197100000 77.3170394205428
54381.202709000 76.78346927714291
54381.207117000 76.3994932128004
54381.212496000 75.95342203245576
54381.217987000 75.57710557475693
54381.223394000 75.42423125316583
54381.227122000 75.41403321735613
54381.232248000 75.43442848778601
54381.237117000 75.42423125316583
54381.243085000 75.41403321735613
54381.247084000 75.41403321735613
54381.252551000 75.42423125316583
54381.257093000 75.42423125316583
54381.262930000 75.42423125316583
54381.267432000 75.42423125316583
54381.272075000 75.42423125316583
54381.277072000 75.42423125316583
54381.282812000 75.42423125316583
54381.287435000 75.42423125316583
54381.292075000 75.42423125316583
54381.299351000 75.42423125316583
54381.302552000 75.42423125316583
54381.307074000 75.42423125316583
54381.312077000 75.42423125316583
54381.317384000 75.42423125316583
54381.322105000 75.42423125316583
54381.327072000 75.42423125316583
54381.332599000 75.41403321735613
54381.337086000 75.41403321735613
54381.343095000 75.42423125316583
54381.348077000 75.41403321735613
54381.352074000 75.42423125316583
54381.357558000 75.41403321735613
54381.363076000 75.41403321735613
54381.367138000 75.41403321735613
54381.372080000 75.41403321735613
54381.377075000 75.41403321735613
54381.382737000 75.41403321735613
54381.387080000 75.42423125316583
54381.392129000 75.42423125316583
54381.399681000 75.42423125316583
54381.403432000 75.41403321735613
54381.407181000 75.41403321735613
54381.412063000 75.41403321735613
54381.418072000 75.40383438048698
54381.422091000 75.40383438048698
54381.427057000 75.41403321735613
54381.432259000 75.41403321735613
54381.437069000 75.41403321735613
54381.442953000 75.40383438048698
54381.447076000 75.40383438048698
54381.452557000 75.40383438048698
54381.457059000 75.41403321735613
54381.462954000 75.40383438048698
54381.467423000 75.40383438048698
54381.472066000 75.41403321735613
54381.477056000 75.40383438048698
54381.485381000 75.40383438048698
54381.488419000 75.40383438048698
54381.492066000 75.40383438048698
54381.499886000 75.39363474268845
54381.503345000 75.39363474268845
54381.507073000 75.39363474268845
54381.512204000 75.39363474268845
54381.518117000 75.39363474268845
54381.522600000 75.39363474268845
54381.527056000 75.40383438048698
54381.532190000 75.40383438048698
54381.537066000 75.40383438048698
54381.543227000 75.39363474268845
54381.547206000 75.39363474268845
54381.552098000 75.39363474268845
54381.557058000 75.39363474268845
54381.563245000 75.39363474268845
54381.568927000 75.39363474268845
54381.572341000 75.42423125316583
54381.577215000 75.11794224639449
54381.584438000 74.32852448376998
54381.587332000 73.59648241203318
54381.592413000 72.16246492267426
54381.597108000 70.19625209197179
54381.602573000 67.19365969890497
54381.607072000 64.46505679253438
54381.612367000 61.56133779392342
54381.617981000 59.16663166198962
54381.623011000 57.471804465475195
54381.627064000 55.94685606701328
54381.632109000 53.84831314221436
54381.637153000 52.14979752418452
54381.643001000 50.6852350504496
54381.647164000 49.90330079815576
54381.652496000 48.89650060580268
54381.657169000 48.13327037261923
54381.662952000 47.108727295028906
54381.667089000 46.34108475858173
54381.672065000 45.51236098387487
54381.677057000 44.55084593506072
54381.682941000 43.61049639354152
54381.687188000 43.014058426047654
54381.692075000 42.691577557363175
54381.697609000 42.58402162353359
54381.702521000 42.404692965797366
54381.707064000 42.273130905470175
54381.712059000 42.17742063824076
54381.717481000 42.11758945844101
54381.722072000 42.02184000586341
54381.727057000 41.770383652170665
54381.732594000 41.43485358550277
54381.737656000 41.19501256386085
54381.743080000 41.07503728142351
54381.747297000 41.01503601423716
54381.752063000 40.93101902623077
54381.757472000 40.82297118061214
54381.763004000 40.678862059704976
54381.768367000 40.61880136028912
54381.772066000 40.582760651990085
54381.777057000 40.61880136028912
54381.782902000 40.63081421535578
54381.787287000 40.60678814793716
54381.792071000 40.54671673226006
54381.798766000 40.4986531842117
54381.803119000 40.48663640743404
54381.808006000 40.51066960523637
54381.812056000 40.522685670354825
54381.818032000 40.522685670354825
54381.822928000 40.48663640743404
54381.827053000 40.46260178723286
54381.832138000 40.450583944115884
54381.837068000 40.426547192615494
54381.843066000 40.426547192615494
54381.850318000 40.426547192615494
54381.853326000 40.426547192615494
54381.857273000 40.426547192615494
54381.862190000 40.426547192615494
54381.867093000 40.426547192615494
54381.872065000 40.41452828453864
54381.877061000 40.40250902178174
54381.883229000 40.390489404498084
54381.887056000 40.390489404498084
54381.892526000 40.37846943284096
54381.897071000 40.37846943284096
54381.902403000 40.37846943284096
54381.907059000 40.390489404498084
54381.912463000 40.37846943284096
54381.918108000 40.390489404498084
54381.923373000 40.37846943284096
54381.927054000 40.37846943284096
54381.932143000 40.390489404498084
54381.937065000 40.37846943284096
54381.943216000 40.390489404498084
54381.947131000 40.390489404498084
54381.952558000 40.390489404498084
54381.957223000 40.37846943284096
54381.963235000 40.37846943284096
54381.967434000 40.37846943284096
54381.972120000 40.37846943284096
54381.977091000 40.37846943284096
54381.982824000 40.390489404498084
54381.987350000 40.37846943284096
54381.992066000 40.37846943284096
54381.997744000 40.37846943284096
54382.002964000 40.37846943284096
54382.007109000 40.37846943284096
54382.012056000 40.37846943284096
54382.017151000 40.390489404498084
54382.022127000 40.390489404498084
54382.027054000 40.390489404498084
54382.032497000 40.390489404498084
54382.037060000 40.40250902178174
54382.042073000 40.41452828453864
54382.047321000 40.41452828453864
54382.052528000 40.426547192615494
54382.057285000 40.426547192615494
54382.062096000 40.426547192615494
54382.067232000 40.426547192615494
54382.072060000 40.426547192615494
54382.077483000 40.438565745858995
54382.084235000 40.450583944115884
54382.087325000 40.46260178723286
54382.092928000 40.46260178723286
54382.097193000 40.46260178723286
54382.102594000 40.47461927505668
54382.107067000 40.47461927505668
54382.112054000 40.48663640743404
54382.117407000 40.48663640743404
54382.122081000 40.48663640743404
54382.127071000 40.48663640743404
54382.132248000 40.4986531842117
54382.137092000 40.4986531842117
54382.142929000 40.4986531842117
54382.150017000 40.51066960523637
54382.153332000 40.4986531842117
54382.157086000 40.4986531842117
54382.162958000 40.4986531842117
54382.168263000 40.4986531842117
54382.172111000 40.4986531842117
54382.177052000 40.4986531842117
54382.182926000 40.51066960523637
54382.187053000 40.51066960523637
54382.192090000 40.51066960523637
54382.199083000 40.51066960523637
54382.203069000 40.51066960523637
54382.207944000 40.51066960523637
54382.212051000 40.51066960523637
54382.218015000 40.51066960523637
54382.222682000 40.522685670354825
54382.227046000 40.522685670354825
54382.232171000 40.522685670354825
54382.237061000 40.522685670354825
54382.243156000 40.522685670354825
54382.247065000 40.522685670354825
54382.252436000 40.522685670354825
54382.257056000 40.522685670354825
54382.263194000 40.522685670354825
54382.267184000 40.522685670354825
54382.272053000 40.51066960523637
54382.277047000 40.51066960523637
54382.285406000 40.51066960523637
54382.288320000 40.51066960523637
54382.292107000 40.51066960523637
54382.299688000 40.51066960523637
54382.303546000 40.51066960523637
54382.307318000 40.51066960523637
54382.312071000 40.522685670354825
54382.317812000 40.522685670354825
54382.322524000 40.53470137941381
54382.327060000 40.53470137941381
54382.332146000 40.53470137941381
54382.337295000 40.53470137941381
54382.343244000 40.53470137941381
54382.347150000 40.53470137941381
54382.352527000 40.53470137941381
54382.357116000 40.53470137941381
54382.362888000 40.53470137941381
54382.367398000 40.53470137941381
54382.372057000 40.53470137941381
54382.377067000 40.53470137941381
54382.382744000 40.53470137941381
54382.387383000 40.53470137941381
54382.392055000 40.522685670354825
54382.397678000 40.522685670354825
54382.402678000 40.522685670354825
54382.407053000 40.522685670354825
54382.412050000 40.522685670354825
54382.417967000 40.53470137941381
54382.422104000 40.53470137941381
54382.427049000 40.53470137941381
54382.432872000 40.522685670354825
54382.437059000 40.53470137941381
54382.442070000 40.53470137941381
54382.447247000 40.53470137941381
54382.452504000 40.53470137941381
54382.457129000 40.53470137941381
54382.462968000 40.54671673226006
54382.467065000 40.53470137941381
54382.472062000 40.53470137941381
54382.477052000 40.53470137941381
54382.482725000 40.53470137941381
54382.487053000 40.522685670354825
54382.492058000 40.53470137941381
54382.497312000 40.53470137941381
54382.502231000 40.53470137941381
54382.507056000 40.53470137941381
54382.512108000 40.53470137941381
54382.517293000 40.53470137941381
54382.522066000 40.522685670354825
54382.527057000 40.522685670354825
54382.532108000 40.53470137941381
54382.537352000 40.522685670354825
54382.542062000 40.522685670354825
54382.547080000 40.522685670354825
54382.552607000 40.522685670354825
54382.557757000 40.522685670354825
54382.563104000 40.53470137941381
54382.567122000 40.53470137941381
54382.572152000 40.53470137941381
54382.577050000 40.53470137941381
54382.582399000 40.522685670354825
54382.587395000 40.53470137941381
54382.592103000 40.522685670354825
54382.599538000 40.522685670354825
54382.603339000 40.522685670354825
54382.607059000 40.53470137941381
54382.612053000 40.53470137941381
54382.617961000 40.53470137941381
54382.623216000 40.53470137941381
54382.627045000 40.53470137941381
54382.632266000 40.53470137941381
54382.637272000 40.53470137941381
54382.643201000 40.54671673226006
54382.647063000 40.54671673226006
54382.652553000 40.53470137941381
54382.657403000 40.53470137941381
54382.665338000 40.53470137941381
54382.668325000 40.53470137941381
54382.672057000 40.53470137941381
54382.677443000 40.53470137941381
54382.683468000 40.53470137941381
54382.687159000 40.53470137941381
54382.692960000 40.53470137941381
54382.697054000 40.53470137941381
54382.702534000 40.54671673226006
54382.707050000 40.53470137941381
54382.712051000 40.53470137941381
54382.717859000 40.53470137941381
54382.723063000 40.53470137941381
54382.727046000 40.53470137941381
54382.732092000 40.53470137941381
54382.737055000 40.54671673226006
54382.743069000 40.54671673226006
54382.747116000 40.54671673226006
54382.752438000 40.54671673226006
54382.757525000 40.54671673226006
54382.762151000 40.53470137941381
54382.767130000 40.53470137941381
54382.772060000 40.54671673226006
54382.777224000 40.54671673226006
54382.783088000 40.54671673226006
54382.787051000 40.54671673226006
54382.792848000 40.53470137941381
54382.797387000 40.53470137941381
54382.802416000 40.53470137941381
54382.807052000 40.53470137941381
54382.812393000 40.53470137941381
54382.817948000 40.53470137941381
54382.823040000 40.53470137941381
54382.827050000 40.54671673226006
54382.832374000 40.54671673226006
54382.837061000 40.54671673226006
54382.843117000 40.54671673226006
54382.847645000 40.558731728740355
54382.852057000 40.558731728740355
54382.857516000 40.54671673226006
54382.862067000 40.54671673226006
54382.867935000 40.54671673226006
54382.872063000 40.54671673226006
54382.877089000 40.54671673226006
54382.882321000 40.53470137941381
54382.887099000 40.53470137941381
54382.892075000 40.54671673226006
54382.898984000 40.54671673226006
54382.903003000 40.54671673226006
54382.907096000 40.54671673226006
54382.912089000 40.558731728740355
54382.917333000 40.558731728740355
54382.923397000 40.558731728740355
54382.927059000 40.54671673226006
54382.932188000 40.54671673226006
54382.937063000 40.54671673226006
54382.942928000 40.558731728740355
54382.947062000 40.558731728740355
54382.952727000 40.558731728740355
54382.957272000 40.558731728740355
54382.963093000 40.558731728740355
54382.967113000 40.558731728740355
54382.972061000 40.558731728740355
54382.977051000 40.558731728740355
54382.982517000 40.54671673226006
54382.987052000 40.54671673226006
54382.992142000 40.54671673226006
54382.997239000 40.54671673226006
54383.002114000 40.558731728740355
54383.007054000 40.558731728740355
54383.012052000 40.558731728740355
54383.017903000 40.558731728740355
54383.023059000 40.558731728740355
54383.027045000 40.558731728740355
54383.032202000 40.558731728740355
54383.037080000 40.558731728740355
54383.043222000 40.558731728740355
54383.047059000 40.558731728740355
54383.052499000 40.558731728740355
54383.057052000 40.558731728740355
54383.063341000 40.558731728740355
54383.067133000 40.558731728740355
54383.072104000 40.558731728740355
54383.077058000 40.558731728740355
54383.082480000 40.558731728740355
54383.087047000 40.558731728740355
54383.092425000 40.558731728740355
54383.097571000 40.558731728740355
54383.102264000 40.558731728740355
54383.107091000 40.558731728740355
54383.112047000 40.558731728740355
54383.117887000 40.558731728740355
54383.122959000 40.558731728740355
54383.127081000 40.558731728740355
54383.132108000 40.558731728740355
54383.137065000 40.558731728740355
54383.142083000 40.558731728740355
54383.147278000 40.558731728740355
54383.152411000 40.558731728740355
54383.157069000 40.558731728740355
54383.162052000 40.558731728740355
54383.167729000 40.558731728740355
54383.172922000 40.558731728740355
54383.177048000 40.558731728740355
54383.182969000 40.558731728740355
54383.187048000 40.558731728740355
54383.192279000 40.57074636870143
54383.197145000 40.57074636870143
54383.202174000 40.57074636870143
54383.207045000 40.57074636870143
54383.212047000 40.57074636870143
54383.217865000 40.558731728740355
54383.222950000 40.558731728740355
54383.227055000 40.558731728740355
54383.232428000 40.558731728740355
54383.237058000 40.558731728740355
54383.243103000 40.558731728740355
54383.247959000 40.558731728740355
54383.252548000 40.57074636870143
54383.257176000 40.57074636870143
54383.262547000 40.57074636870143
54383.267811000 40.57074636870143
54383.272733000 40.57074636870143
54383.277065000 40.57074636870143
54383.283463000 40.57074636870143
54383.287045000 40.57074636870143
54383.292612000 40.57074636870143
54383.299511000 40.57074636870143
54383.303348000 40.57074636870143
54383.307046000 40.57074636870143
54383.312065000 40.558731728740355
54383.317915000 40.57074636870143
54383.323128000 40.57074636870143
54383.327042000 40.57074636870143
54383.332114000 40.57074636870143
54383.337058000 40.582760651990085
54383.343089000 40.57074636870143
54383.347186000 40.57074636870143
54383.352692000 40.57074636870143
54383.357088000 40.57074636870143
54383.363248000 40.57074636870143
54383.367108000 40.57074636870143
54383.372052000 40.57074636870143
54383.377044000 40.57074636870143
54383.382263000 40.57074636870143
54383.387043000 40.57074636870143
54383.392047000 40.57074636870143
54383.397054000 40.57074636870143
54383.402398000 40.57074636870143
54383.407046000 40.57074636870143
54383.412049000 40.57074636870143
54383.418036000 40.57074636870143
54383.422552000 40.57074636870143
54383.427042000 40.57074636870143
54383.432149000 40.57074636870143
54383.437053000 40.57074636870143
54383.443203000 40.57074636870143
54383.447271000 40.57074636870143
54383.452339000 40.57074636870143
54383.457157000 40.582760651990085
54383.462380000 40.582760651990085
54383.467421000 40.57074636870143
54383.472156000 40.57074636870143
54383.477043000 40.57074636870143
54383.482979000 40.57074636870143
54383.487043000 40.57074636870143
54383.492049000 40.558731728740355
54383.497207000 40.558731728740355
54383.502328000 40.558731728740355
54383.507045000 40.558731728740355
54383.512043000 40.558731728740355
54383.517791000 40.57074636870143
54383.522149000 40.57074636870143
54383.527040000 40.57074636870143
54383.532314000 40.57074636870143
54383.537053000 40.57074636870143
54383.542075000 40.57074636870143
54383.547447000 40.57074636870143
54383.552046000 40.57074636870143
54383.557044000 40.558731728740355
54383.562384000 40.558731728740355
54383.567076000 40.594774578453055
54383.572053000 40.61880136028912
54383.577045000 40.6428267129839
54383.582960000 40.6428267129839
54383.587045000 40.65483885302027
54383.592390000 40.678862059704976
54383.599532000 40.6668506353117
54383.603329000 40.65483885302027
54383.607648000 40.6428267129839
54383.612040000 40.60678814793716
54383.617072000 40.582760651990085
54383.623303000 40.582760651990085
54383.628072000 40.594774578453055
54383.632269000 40.61880136028912
54383.637085000 40.61880136028912
54383.643567000 40.63081421535578
54383.650017000 40.6428267129839
54383.653391000 40.63081421535578
54383.657138000 40.63081421535578
54383.662569000 40.60678814793716
54383.667782000 40.582760651990085
54383.672446000 40.558731728740355
54383.677074000 40.54671673226006
54383.683192000 40.53470137941381
54383.687074000 40.54671673226006
54383.692152000 40.558731728740355
54383.697091000 40.57074636870143
54383.702347000 40.594774578453055
54383.707670000 40.61880136028912
54383.712075000 40.65483885302027
54383.718013000 40.6668506353117
54383.723203000 40.798956585540154
54383.727073000 41.087036446160646
54383.732260000 41.95001215461704
54383.737086000 43.20502497727014
54383.743189000 44.78850870429735
54383.747158000 45.70196674114471
54383.752634000 47.144112382059376
54383.757236000 48.48577086135601
54383.762350000 50.24201468814472
54383.767412000 52.10342497351916
54383.773077000 54.40049147420543
54383.777072000 55.90118091395398
54383.782997000 58.01557330289858
54383.787074000 59.78474620241621
54383.792246000 61.661432922911935
54383.797090000 63.43234667084685
54383.802541000 65.28484154170461
54383.807076000 66.59943533991407
54383.812122000 67.92542302470065
54383.817586000 69.21943610806089
54383.823384000 70.49231477877962
54383.827120000 71.1563350214606
54383.832194000 71.99525955461449
54383.837120000 72.64209528381352
54383.843163000 73.28598764925181
54383.848019000 73.63782889573947
54383.852363000 73.86501170592607
54383.857129000 74.01969235010097
54383.862547000 74.10211666047961
54383.867703000 74.13301283908213
54383.872746000 74.13301283908213
54383.877124000 74.1433099960151
54383.882196000 74.1433099960151
54383.887083000 74.1433099960151
54383.892082000 74.15360636809531
54383.897183000 74.15360636809531
54383.902504000 74.16390195519138
54383.907078000 74.16390195519138
54383.912078000 74.16390195519138
54383.917823000 74.16390195519138
54383.922145000 74.16390195519138
54383.927083000 74.174196757172
54383.932453000 74.174196757172
54383.937079000 74.174196757172
54383.943098000 74.1844907739059
54383.947736000 74.1844907739059
54383.952082000 74.1844907739059
54383.957291000 74.1844907739059
54383.962451000 74.1844907739059
54383.967564000 74.19478400526178
54383.972396000 74.20507645110834
54383.977087000 74.20507645110834
54383.983273000 74.20507645110834
54383.987076000 74.20507645110834
54383.992091000 74.20507645110834
54383.997125000 74.20507645110834
54384.002547000 74.19478400526178
54384.007107000 74.20507645110834
54384.012097000 74.20507645110834
54384.017853000 74.20507645110834
54384.022986000 74.20507645110834
54384.027900000 74.20507645110834
54384.032113000 74.20507645110834
54384.037084000 74.20507645110834
54384.042969000 74.20507645110834
54384.047081000 74.20507645110834
54384.052570000 74.20507645110834
54384.057284000 74.20507645110834
54384.062450000 74.20507645110834
54384.067634000 74.20507645110834
54384.072471000 74.20507645110834
54384.077065000 74.20507645110834
54384.082977000 74.20507645110834
54384.087067000 74.20507645110834
54384.092077000 74.20507645110834
54384.099535000 74.20507645110834
54384.103356000 74.20507645110834
54384.107066000 74.20507645110834
54384.112067000 74.20507645110834
54384.117808000 74.20507645110834
54384.123222000 74.20507645110834
54384.127104000 74.20507645110834
54384.132097000 74.20507645110834
54384.137273000 74.20507645110834
54384.143235000 74.20507645110834
54384.147112000 74.19478400526178
54384.152232000 74.19478400526178
54384.157070000 74.20507645110834
54384.165397000 74.20507645110834
54384.168349000 74.20507645110834
54384.172084000 74.20507645110834
54384.177064000 74.20507645110834
54384.183974000 74.20507645110834
54384.187341000 74.20507645110834
54384.192425000 74.20507645110834
54384.197429000 74.20507645110834
54384.202170000 74.20507645110834
54384.207166000 74.20507645110834
54384.212099000 74.20507645110834
54384.217675000 74.20507645110834
54384.223361000 74.20507645110834
54384.227096000 74.20507645110834
54384.232119000 74.20507645110834
54384.237080000 74.20507645110834
54384.242944000 74.20507645110834
54384.249894000 74.20507645110834
54384.253337000 74.20507645110834
54384.257335000 74.20507645110834
54384.262254000 74.20507645110834
54384.267667000 74.20507645110834
54384.272070000 74.21536811131433
54384.277065000 74.21536811131433
54384.283218000 74.20507645110834
54384.287063000 74.20507645110834
54384.292765000 74.20507645110834
54384.297289000 74.21536811131433
54384.302138000 74.21536811131433
54384.307066000 74.21536811131433
54384.312288000 74.20507645110834
54384.317823000 74.20507645110834
54384.322739000 74.20507645110834
54384.327095000 74.20507645110834
54384.332308000 74.20507645110834
54384.337102000 74.20507645110834
54384.343143000 74.20507645110834
54384.347960000 74.20507645110834
54384.352462000 74.20507645110834
54384.357137000 74.20507645110834
54384.362077000 74.20507645110834
54384.367646000 74.20507645110834
54384.372555000 74.20507645110834
54384.377075000 74.20507645110834
54384.382665000 74.20507645110834
54384.387067000 74.20507645110834
54384.392070000 74.20507645110834
54384.397238000 74.20507645110834
54384.402502000 74.20507645110834
54384.407074000 74.21536811131433
54384.412081000 74.21536811131433
54384.417078000 74.21536811131433
54384.422994000 74.21536811131433
54384.427929000 74.21536811131433
54384.432281000 74.21536811131433
54384.437081000 74.21536811131433
54384.442979000 74.21536811131433
54384.447173000 74.20507645110834
54384.452467000 74.21536811131433
54384.457232000 74.21536811131433
54384.462394000 74.21536811131433
54384.467468000 74.21536811131433
54384.472346000 74.21536811131433
54384.477049000 74.21536811131433
54384.482269000 74.21536811131433
54384.487050000 74.21536811131433
54384.492234000 74.21536811131433
54384.497072000 74.21536811131433
54384.502265000 74.22565898574852
54384.507051000 74.23594907427962
54384.512057000 74.22565898574852
54384.517488000 74.22565898574852
54384.523288000 74.21536811131433
54384.527047000 74.21536811131433
54384.532213000 74.21536811131433
54384.537056000 74.22565898574852
54384.543228000 74.22565898574852
54384.547319000 74.22565898574852
54384.552227000 74.21536811131433
54384.557353000 74.21536811131433
54384.562232000 74.22565898574852
54384.567333000 74.22565898574852
54384.572675000 74.22565898574852
54384.577080000 74.22565898574852
54384.582906000 74.22565898574852
54384.587082000 74.22565898574852
54384.592137000 74.22565898574852
54384.597576000 74.22565898574852
54384.602231000 74.22565898574852
54384.607157000 74.22565898574852
54384.612050000 74.23594907427962
54384.617579000 74.23594907427962
54384.623258000 74.23594907427962
54384.627047000 74.23594907427962
54384.632075000 74.2462383767764
54384.637056000 74.2462383767764
54384.642095000 74.2462383767764
54384.647538000 74.23594907427962
54384.652263000 74.2462383767764
54384.657465000 74.2462383767764
54384.662063000 74.2462383767764
54384.667346000 74.2462383767764
54384.672056000 74.2462383767764
54384.677039000 74.2462383767764
54384.683178000 74.2462383767764
54384.687040000 74.2462383767764
54384.692194000 74.2462383767764
54384.699520000 74.2462383767764
54384.703320000 74.2462383767764
54384.707910000 74.2462383767764
54384.712165000 74.2462383767764
54384.717099000 74.2462383767764
54384.723040000 74.2462383767764
54384.728116000 74.2462383767764
54384.732165000 74.25652689310763
54384.737086000 74.25652689310763
54384.743129000 74.25652689310763
54384.747130000 74.25652689310763
54384.752171000 74.25652689310763
54384.757559000 74.25652689310763
54384.762149000 74.25652689310763
54384.767228000 74.25652689310763
54384.772789000 74.25652689310763
54384.777037000 74.25652689310763
54384.782474000 74.25652689310763
54384.787043000 74.25652689310763
54384.792046000 74.25652689310763
54384.799300000 74.2668146231421
54384.803158000 74.33880670605383
54384.808082000 74.35936878845199
54384.812146000 75.01568628047266
54384.817614000 76.35900621218835
54384.822980000 78.01819854755125
54384.828264000 78.67554800369646
54384.832069000 78.86410612830666
54384.837051000 78.81451511091667
54384.843100000 78.72519809123243
54384.847112000 78.68547970702312
54384.852250000 78.64574783828468
54384.857194000 78.6258768497506
54384.865688000 78.58612476942137
54384.870135000 78.56624367965419
54384.873314000 78.54635922483756
54384.877502000 78.48668568023605
54384.882700000 78.357289266252
54384.887039000 78.21778079508854
54384.892074000 78.06812543444889
54384.899249000 77.98823240312188
54384.903335000 77.87829235681562
54384.907042000 77.8282862987629
54384.912145000 77.76825157943593
54384.917507000 77.73822299840381
54384.923271000 77.73822299840381
54384.927588000 77.73822299840381
54384.932191000 77.72821180981911
54384.937082000 77.7181997906602
54384.943185000 77.70818694105475
54384.947839000 77.70818694105475
54384.952156000 77.70818694105475
54384.957401000 77.70818694105475
54384.964841000 77.70818694105475
54384.968564000 77.6981732611305
54384.972330000 77.6981732611305
54384.977080000 77.6981732611305
54384.982841000 77.70818694105475
54384.987053000 77.70818694105475
54384.992100000 77.6981732611305
54384.997276000 77.6981732611305
54385.002078000 77.6981732611305
54385.007071000 77.6981732611305
54385.012127000 77.6981732611305
54385.017713000 77.6981732611305
54385.023018000 77.6981732611305
54385.027392000 77.6981732611305
54385.032159000 77.6981732611305
54385.037045000 77.6981732611305
54385.042053000 77.6981732611305
54385.047531000 77.6981732611305
54385.052442000 77.6981732611305
54385.057036000 77.6981732611305
54385.063351000 77.6881587510152
54385.067266000 77.6881587510152
54385.072037000 77.66812724072211
54385.077043000 77.65811024079986
54385.082593000 77.65811024079986
54385.087036000 77.64809241119745
54385.092141000 77.6380737520427
54385.097516000 77.6380737520427
54385.103078000 77.6380737520427
54385.108010000 77.6380737520427
54385.112275000 77.73822299840381
54385.117696000 77.85829243016668
54385.122055000 77.98823240312188
54385.127131000 78.02818559398558
54385.132244000 78.00821066684428
54385.137533000 77.90828600280786
54385.142955000 77.8282862987629
54385.149953000 77.77825944444709
54385.153304000 77.77825944444709
54385.157700000 77.76825157943593
54385.165966000 77.75824288333989
54385.169336000 77.75824288333989
54385.172359000 77.75824288333989
54385.177030000 77.75824288333989
54385.182669000 77.76825157943593
54385.187032000 77.76825157943593
54385.192040000 77.75824288333989
54385.200301000 77.75824288333989
54385.203414000 77.75824288333989
54385.207662000 77.74823335628663
54385.212075000 77.74823335628663
54385.217310000 77.74823335628663
54385.223123000 77.75824288333989
54385.228289000 77.75824288333989
54385.232213000 77.75824288333989
54385.237045000 77.76825157943593
54385.243203000 77.76825157943593
54385.247355000 77.76825157943593
54385.253311000 77.76825157943593
54385.257321000 77.76825157943593
54385.265516000 77.77825944444709
54385.270213000 77.76825157943593
54385.273310000 77.76825157943593
54385.277446000 77.76825157943593
54385.283712000 77.76825157943593
54385.287326000 77.76825157943593
54385.292053000 77.76825157943593
54385.297482000 77.77825944444709
54385.303264000 77.76825157943593
54385.308181000 77.77825944444709
54385.312120000 77.77825944444709
54385.317629000 77.77825944444709
54385.323331000 77.78826647824575
54385.327039000 77.78826647824575
54385.332210000 77.77825944444709
54385.337053000 77.77825944444709
54385.343084000 77.77825944444709
54385.347963000 77.77825944444709
54385.352060000 77.77825944444709
54385.357043000 77.77825944444709
54385.365288000 77.77825944444709
54385.368317000 77.76825157943593
54385.372050000 77.76825157943593
54385.377043000 77.76825157943593
54385.383660000 77.76825157943593
54385.387317000 77.76825157943593
54385.392091000 77.75824288333989
54385.397375000 77.74823335628663
54385.402176000 77.74823335628663
54385.407045000 77.74823335628663
54385.412108000 77.74823335628663
54385.418235000 77.74823335628663
54385.422099000 77.73822299840381
54385.427186000 77.73822299840381
54385.432405000 77.73822299840381
54385.437054000 77.73822299840381
54385.443050000 77.72821180981911
54385.447566000 77.70818694105475
54385.452190000 77.67814341083647
54385.457458000 77.67814341083647
54385.465825000 77.6881587510152
54385.469312000 77.8382891745848
54385.472313000 78.07810830760951
54385.477376000 78.4767371478622
54385.483872000 78.12801014531537
54385.487304000 77.40741592904804
54385.492130000 76.3185062017921
54385.499413000 75.5872907759335
54385.502918000 76.13609538058381
54385.507804000 77.38733804258445
54385.512045000 78.40707390496934
54385.517503000 78.38716256629057
54385.522993000 77.04550915840517
54385.528290000 76.43996719536634
54385.532401000 76.4197318318554
54385.537048000 76.64214154852597
54385.542946000 76.86415597166109
54385.547071000 76.87423812183265
54385.552473000 76.75319825749695
54385.557043000 76.62193879720547
54385.565989000 76.3083791673827
54385.569377000 76.01434227158262
54385.572317000 75.92295100397084
54385.577032000 75.85182367929845
54385.583831000 75.83149432480393
54385.587307000 75.84165940530787
54385.592040000 75.84165940530787
54385.599023000 75.83149432480393
54385.603113000 75.82132843791628
54385.607949000 75.82132843791628
54385.612033000 75.82132843791628
54385.617284000 75.84165940530787
54385.623192000 75.87214980722105
54385.627030000 75.90263294701431
54385.632066000 76.19692819455645
54385.637044000 77.30699345790566
54385.643201000 79.00284853340742
54385.647120000 79.57586645157444
54385.652141000 79.3391026739353
54385.657381000 78.48668568023605
54385.665535000 78.0980715486932
54385.670249000 78.68547970702312
54385.673305000 79.32922686547836
54385.677033000 79.88095792815228
54385.683616000 80.40065391967165
54385.687305000 80.4299982174989
54385.692362000 80.35172946512597
54385.697710000 80.34194198161492
54385.703100000 80.4299982174989
54385.707924000 80.47888807823234
54385.712035000 80.48866345390982
54385.717647000 80.43977792020941
54385.722052000 80.42021764975597
54385.727035000 80.4495567577627
54385.732083000 80.48866345390982
54385.737074000 80.52775629756643
54385.742959000 80.54729752221778
54385.749893000 80.53752734309403
54385.753308000 80.4593347300341
54385.757733000 80.25381576907529
54385.762095000 80.05772966635377
54385.767368000 79.86129944994097
54385.772058000 79.77279385239582
54385.777033000 79.70390818830425
54385.782399000 79.74327656232151
54385.787087000 79.8514689241036
54385.792042000 80.00865433379461
54385.799847000 80.0184711201246
54385.803330000 79.99883668780593
54385.807640000 79.96937859313992
54385.812034000 79.95955750976871
54385.817447000 79.93008910596106
54385.823068000 78.95331671012903
54385.828075000 78.29752002747556
54385.832075000 77.36725685121385
54385.837105000 79.19087625010786
54385.843043000 81.74238287188464
54385.847800000 83.96003347822207
54385.852447000 84.86344079173003
54385.857047000 85.86961678738132
54385.862573000 86.13794367282264
54385.867352000 86.56194672170375
54385.872779000 86.54355322636853
54385.877093000 86.7915467671006
54385.882610000 86.37784214029932
54385.887051000 86.24874494550333
54385.892061000 86.44232160240887
54385.897247000 86.7181390043585
54385.902073000 87.09371304764684
54385.907492000 86.85572888778924
54385.912076000 86.38705631564088
54385.917541000 86.01775656963879
54385.922965000 86.39626954997438
54385.928312000 86.68141243370678
54385.932210000 86.82822794421122
54385.937042000 86.59872239257307
54385.942972000 86.80071848092098
54385.947185000 87.06628607370038
54385.952028000 86.93818056868787
54385.957427000 86.45152918822689
54385.965198000 85.58191567351837
54385.968303000 85.26534418151446
54385.972035000 85.16269440872111
54385.977059000 85.24668892213757
54385.983667000 85.38651297152067
54385.987298000 85.43307459542775
54385.992119000 85.3492469632322
54385.997077000 85.15335705645734
54386.003250000 84.94770142346214
54386.008188000 84.84470606649877
54386.012027000 84.81659706892236
54386.017251000 84.89153596745794
54386.023231000 84.99448059833307
54386.027024000 85.02253702524249
54386.032193000 85.04123669202184
54386.037037000 85.06927926306561
54386.043211000 85.07862493850324
54386.047386000 85.11599839585723
54386.052027000 85.33992814143309
54386.057025000 85.88814735180824
54386.062277000 86.69977760902556
54386.067374000 87.23071960166095
54386.072094000 87.16680983538102
54386.077020000 86.80071848092098
54386.082733000 86.38705631564088
54386.087022000 86.41469319514721
54386.092031000 86.58033644408464
54386.097159000 86.7181390043585
54386.102046000 86.78237410711333
54386.107024000 86.82822794421122
54386.112022000 86.9290230614008
54386.117378000 87.13940566892363
54386.122052000 87.44948449742859
54386.127023000 87.49499136526408
54386.132139000 87.130269045409
54386.137036000 86.34097603120313
54386.142946000 85.42376412785349
54386.147523000 84.97577169729146
54386.152339000 84.68531220261329
54386.157114000 84.57263889332722
54386.162846000 84.5444499059084
54386.167272000 84.55384715271548
54386.172031000 84.56324348189501
54386.177020000 84.57263889332722
54386.182949000 84.58203338689219
54386.187023000 84.60081961994133
54386.192127000 84.6102113591859
54386.197548000 84.6383810663622
54386.203073000 84.6665425051876
54386.207899000 84.69469567242966
54386.212072000 84.75097717923828
54386.217352000 84.79785313211258
54386.223057000 84.83533732181775
54386.228137000 84.84470606649877
54386.232381000 84.84470606649877
54386.237041000 84.8540738898427
54386.243087000 84.8540738898427
54386.247799000 84.8540738898427
54386.252278000 84.84470606649877
54386.257033000 84.83533732181775
54386.265717000 84.83533732181775
54386.269814000 84.82596765591911
54386.273294000 84.82596765591911
54386.277019000 84.82596765591911
54386.282979000 84.83533732181775
54386.287021000 84.82596765591911
54386.292054000 84.83533732181775
54386.299450000 84.82596765591911
54386.302934000 84.82596765591911
54386.308051000 84.82596765591911
54386.312029000 84.82596765591911
54386.317202000 84.82596765591911
54386.323034000 84.81659706892236
54386.328283000 84.81659706892236
54386.332062000 84.81659706892236
54386.337036000 84.81659706892236
54386.343102000 84.80722556094702
54386.347217000 84.79785313211258
54386.352023000 84.79785313211258
54386.357058000 84.79785313211258
54386.365262000 84.79785313211258
54386.368300000 84.80722556094702
54386.372031000 84.80722556094702
54386.377131000 84.81659706892236
54386.382928000 84.81659706892236
54386.387023000 84.81659706892236
54386.392035000 84.81659706892236
54386.397416000 84.81659706892236
54386.403193000 84.81659706892236
54386.407037000 84.81659706892236
54386.412024000 84.81659706892236
54386.417251000 84.81659706892236
54386.423211000 84.81659706892236
54386.427020000 84.81659706892236
54386.432067000 84.81659706892236
54386.437030000 84.81659706892236
54386.443232000 84.81659706892236
54386.447172000 84.81659706892236
54386.452064000 84.81659706892236
54386.457066000 84.80722556094702
54386.462437000 84.80722556094702
54386.467316000 84.80722556094702
54386.472032000 84.81659706892236
54386.477019000 84.82596765591911
54386.482687000 84.82596765591911
54386.487068000 84.83533732181775
54386.492027000 84.84470606649877
54386.497450000 84.8540738898427
54386.502111000 84.87280677204129
54386.507023000 84.89153596745794
54386.512022000 84.91962284577664
54386.517235000 84.92898329412355
54386.522085000 84.92898329412355
54386.527021000 84.92898329412355
54386.532396000 84.93834282005851
54386.537031000 84.92898329412355
54386.542973000 84.92898329412355
54386.547567000 84.91962284577664
54386.552291000 84.91962284577664
54386.557094000 84.91962284577664
54386.562537000 84.91962284577664
54386.567242000 84.91962284577664
54386.572031000 84.91962284577664
54386.577019000 84.91962284577664
54386.582866000 84.92898329412355
54386.587071000 84.92898329412355
54386.592026000 84.92898329412355
54386.597164000 84.93834282005851
54386.602045000 84.94770142346214
54386.607283000 84.95705910421508
54386.612021000 84.95705910421508
54386.617311000 84.95705910421508
54386.622902000 84.96641586219795
54386.628130000 84.96641586219795
54386.632270000 84.96641586219795
54386.637077000 84.97577169729146
54386.642984000 84.97577169729146
54386.649920000 84.98512660937628
54386.653307000 84.98512660937628
54386.657021000 84.98512660937628
54386.662532000 84.98512660937628
54386.667022000 84.98512660937628
54386.672724000 84.98512660937628
54386.677012000 84.98512660937628
54386.682523000 84.98512660937628
54386.687015000 84.99448059833307
54386.692025000 84.99448059833307
54386.697054000 84.99448059833307
54386.703074000 84.99448059833307
54386.708193000 84.99448059833307
54386.712016000 84.99448059833307
54386.717299000 84.99448059833307
54386.723100000 84.99448059833307
54386.728296000 84.98512660937628
54386.732168000 84.98512660937628
54386.737025000 84.97577169729146
54386.743164000 84.97577169729146
54386.747496000 84.96641586219795
54386.752016000 84.96641586219795
54386.757020000 84.95705910421508
54386.764854000 84.94770142346214
54386.768291000 84.94770142346214
54386.772080000 84.94770142346214
54386.777015000 84.94770142346214
54386.782186000 84.95705910421508
54386.787034000 84.95705910421508
54386.792046000 84.96641586219795
54386.798680000 84.95705910421508
54386.803212000 84.95705910421508
54386.807023000 84.95705910421508
54386.812015000 84.95705910421508
54386.817259000 84.95705910421508
54386.823081000 84.95705910421508
54386.828205000 84.95705910421508
54386.832193000 84.95705910421508
54386.837069000 84.95705910421508
54386.843023000 84.95705910421508
54386.849578000 84.95705910421508
54386.853289000 84.95705910421508
54386.857046000 84.95705910421508
54386.862652000 84.95705910421508
54386.867213000 84.95705910421508
54386.872038000 84.95705910421508
54386.877010000 84.95705910421508
54386.882768000 84.95705910421508
54386.887011000 84.95705910421508
54386.892052000 84.96641586219795
54386.899060000 84.96641586219795
54386.902988000 84.96641586219795
54386.907877000 84.96641586219795
54386.912011000 84.96641586219795
54386.917338000 84.96641586219795
54386.922033000 84.96641586219795
54386.927013000 84.97577169729146
54386.932383000 84.98512660937628
54386.937021000 84.98512660937628
54386.943040000 84.98512660937628
54386.947152000 84.98512660937628
54386.952169000 84.99448059833307
54386.957015000 84.98512660937628
54386.962532000 84.99448059833307
54386.967218000 84.99448059833307
54386.972022000 84.99448059833307
54386.977014000 84.99448059833307
54386.982477000 84.99448059833307
54386.987032000 84.99448059833307
54386.992128000 84.98512660937628
54386.999255000 84.98512660937628
54387.003046000 84.98512660937628
54387.007777000 84.98512660937628
54387.012013000 84.98512660937628
54387.017083000 84.98512660937628
54387.022044000 84.98512660937628
54387.027009000 84.97577169729146
54387.032134000 84.98512660937628
54387.037026000 84.97577169729146
54387.042879000 84.97577169729146
54387.049957000 84.96641586219795
54387.053282000 84.96641586219795
54387.057397000 84.96641586219795
54387.065415000 84.96641586219795
54387.068334000 84.97577169729146
54387.072018000 84.96641586219795
54387.077009000 84.96641586219795
54387.083449000 84.95705910421508
54387.087012000 84.95705910421508
54387.092021000 84.95705910421508
54387.097096000 84.95705910421508
54387.103163000 84.96641586219795
54387.107013000 84.96641586219795
54387.112012000 84.96641586219795
54387.117272000 84.95705910421508
54387.123189000 84.95705910421508
54387.127009000 84.95705910421508
54387.132115000 84.95705910421508
54387.137021000 84.95705910421508
54387.143200000 84.96641586219795
54387.147609000 84.95705910421508
54387.152062000 84.96641586219795
54387.157015000 84.95705910421508
54387.165115000 84.95705910421508
54387.168293000 84.96641586219795
54387.172026000 84.96641586219795
54387.177011000 84.96641586219795
54387.183486000 84.96641586219795
54387.187284000 84.96641586219795
54387.192228000 84.96641586219795
54387.197804000 84.97577169729146
54387.203092000 84.97577169729146
54387.207930000 84.97577169729146
54387.212165000 84.97577169729146
54387.217092000 84.97577169729146
54387.223152000 84.98512660937628
54387.227975000 84.98512660937628
54387.232043000 84.98512660937628
54387.237104000 84.97577169729146
54387.242954000 84.97577169729146
54387.247743000 84.98512660937628
54387.252087000 84.98512660937628
54387.257023000 84.98512660937628
54387.262576000 84.98512660937628
54387.267178000 84.98512660937628
54387.272825000 84.98512660937628
54387.277026000 84.97577169729146
54387.282813000 84.97577169729146
54387.287037000 84.97577169729146
54387.292046000 84.97577169729146
54387.297334000 84.97577169729146
54387.303040000 84.97577169729146
54387.307853000 84.97577169729146
